#ZVView-data-copy:  26-Feb-2021 17:14:37
#=======================================
#
#name:   JENDL-4.0: AL-27(N,TOT)
#X.axis: Incident Energy
#Y.axis: Cross Section
#wdata:  2
#ldata:  2566
#data...
#            X            Y
#          MeV        barns
         1e-11      27.1576 
   1.10304e-11      25.8635 
   1.21669e-11      24.6315 
   1.34206e-11      23.4588 
   1.48034e-11      22.3425 
   1.63287e-11      21.2799 
   1.80111e-11      20.2684 
   1.98669e-11      19.3058 
   2.19139e-11      18.3895 
   2.41719e-11      17.5175 
   2.66625e-11      16.6875 
   2.94097e-11      15.8978 
     3.244e-11      15.1462 
   3.57825e-11       14.431 
   3.94694e-11      13.7506 
   4.35362e-11      13.1032 
   4.80221e-11      12.4873 
   5.29701e-11      11.9014 
    5.8428e-11      11.3441 
   6.44483e-11      10.8141 
   7.10888e-11      10.3101 
   7.84136e-11       9.8323 
   7.89667e-11      9.79838 
   8.64931e-11      9.37777 
   8.77133e-11      9.31367 
   9.54051e-11      8.94546 
   9.74335e-11      8.85423 
   1.05235e-10      8.53434 
   1.08226e-10      8.41921 
   1.16078e-10      8.14347 
   1.20219e-10      8.00703 
   1.28039e-10      7.77199 
   1.33621e-10      7.61462 
   1.41231e-10      7.41886 
   1.48428e-10      7.24532 
   1.55784e-10      7.08339 
   1.64869e-10      6.89599 
   1.71835e-10      6.76476 
   1.83139e-10      6.56537 
    1.8954e-10      6.46222 
   2.03424e-10      6.25285 
    2.0907e-10      6.17505 
   2.25967e-10      5.95728 
   2.30612e-10      5.90255 
   2.50996e-10       5.6781 
   2.54374e-10       5.6441 
   2.78811e-10      5.41429 
   2.80584e-10      5.39904 
   3.09494e-10      5.16694 
   3.09693e-10      5.16544 
   3.41383e-10      4.94833 
   3.44013e-10      4.93144 
   3.76558e-10      4.74184 
   3.84812e-10       4.6968 
   4.15358e-10        4.546 
   4.30451e-10       4.4763 
   4.58155e-10      4.36044 
   4.81501e-10      4.26924 
   5.05362e-10      4.18476 
   5.38607e-10      4.07494 
   5.57433e-10      4.01854 
   6.02485e-10      3.89278 
   6.14869e-10      3.86139 
   6.73939e-10      3.72214 
   6.78223e-10      3.71299 
   7.48105e-10      3.57435 
   7.59148e-10       3.5539 
   8.25188e-10      3.44404 
   8.55172e-10      3.39758 
   9.10213e-10      3.32082 
   9.63296e-10      3.25202 
      1.004e-9      3.20459 
    1.09274e-9      3.10872 
    1.10745e-9      3.09445 
    1.22155e-9      2.99204 
    1.23959e-9      2.97699 
    1.34742e-9      2.89683 
    1.41608e-9      2.84953 
    1.48625e-9      2.80642 
    1.61763e-9      2.73191 
    1.63939e-9      2.72088 
    1.80831e-9      2.64215 
    1.86089e-9      2.61949 
    1.99463e-9       2.5685 
    2.15584e-9      2.51192 
    2.20016e-9      2.49813 
    2.42685e-9      2.43355 
    2.51504e-9      2.41042 
    2.67691e-9      2.37315 
    2.95273e-9      2.31502 
    2.97547e-9      2.31061 
    3.25697e-9      2.26307 
    3.54486e-9      2.21863 
    3.59256e-9      2.21217 
    3.96272e-9      2.16668 
      4.283e-9      2.13078 
    4.37103e-9      2.12218 
    4.82141e-9      2.08236 
     5.2846e-9      2.04515 
    5.31819e-9      2.04281 
    5.86616e-9      2.00834 
    6.47059e-9      1.97396 
    6.65874e-9      1.96423 
     7.1373e-9        1.943 
    7.87271e-9      1.91368 
    8.62904e-9      1.88644 
    8.68389e-9      1.88473 
    9.57865e-9      1.85991 
    1.05656e-8      1.83537 
    1.15806e-8      1.81266 
    1.16543e-8      1.81124 
    1.28551e-8      1.79073 
    1.41796e-8      1.77054 
    1.56406e-8       1.7506 
    1.63225e-8      1.74223 
    1.72522e-8      1.73255 
    1.90298e-8      1.71615 
    2.09906e-8      1.70004 
    2.31534e-8      1.68416 
    2.46765e-8      1.67405 
    2.52419e-8      1.67063 
      2.525e-8      1.67058 
       2.53e-8       1.6703 
    2.79068e-8      1.65737 
    3.07823e-8      1.64476 
     3.3954e-8      1.63245 
    3.74525e-8      1.62041 
    4.13115e-8      1.60862 
    4.27851e-8      1.60461 
    4.55681e-8      1.59826 
    5.02633e-8      1.58892 
    5.54423e-8      1.57992 
    6.11549e-8      1.57123 
    6.74561e-8      1.56282 
    7.44066e-8      1.55466 
    8.20732e-8      1.54671 
    8.74161e-8      1.54181 
    9.05297e-8      1.53942 
    9.98577e-8      1.53322 
    1.10147e-7      1.52729 
    1.21496e-7      1.52162 
    1.34014e-7      1.51619 
    1.47823e-7      1.51097 
    1.63054e-7      1.50595 
    1.79855e-7      1.50111 
    1.98386e-7      1.49645 
    2.18827e-7      1.49194 
    2.41375e-7      1.48756 
    2.66245e-7      1.48332 
    2.68123e-7      1.48303 
    2.93678e-7      1.47989 
    3.23938e-7      1.47667 
    3.57316e-7      1.47361 
    3.94132e-7      1.47071 
    4.34743e-7      1.46794 
    4.79537e-7      1.46532 
    5.28947e-7      1.46282 
    5.83448e-7      1.46045 
    6.43565e-7      1.45818 
    7.09876e-7      1.45602 
     7.8302e-7      1.45396 
      8.637e-7        1.452 
    9.52693e-7      1.45014 
    1.05086e-6      1.44836 
    1.15913e-6      1.44666 
    1.27857e-6      1.44503 
     1.4103e-6      1.44348 
    1.55562e-6      1.44199 
     1.7159e-6      1.44056 
    1.89271e-6      1.43919 
    2.08772e-6      1.43787 
    2.28682e-6       1.4367 
    2.54012e-6      1.43538 
    2.80184e-6       1.4342 
    3.09053e-6      1.43305 
    3.40897e-6      1.43193 
    3.76022e-6      1.43084 
    4.11881e-6      1.42985 
    4.41767e-6      1.42911 
    4.51138e-6      1.42893 
    5.01132e-6       1.4281 
    5.56639e-6      1.42732 
    6.09723e-6      1.42667 
    6.67836e-6      1.42605 
    7.31523e-6      1.42546 
    8.01245e-6      1.42489 
    8.77655e-6      1.42435 
    9.68086e-6      1.42379 
    1.06036e-5       1.4233 
    1.16961e-5      1.42278 
    1.29012e-5       1.4223 
    1.40326e-5      1.42189 
    1.53708e-5      1.42147 
    1.70733e-5        1.421 
    1.88325e-5      1.42059 
    2.04839e-5      1.42024 
    2.24374e-5      1.41987 
    2.45759e-5      1.41952 
    2.69195e-5      1.41918 
    2.94853e-5      1.41884 
    3.20709e-5      1.41854 
    3.48832e-5      1.41824 
    3.76782e-5      1.41798 
    4.04122e-5      1.41774 
    4.42639e-5      1.41743 
    4.81454e-5      1.41715 
    5.20031e-5      1.41689 
    5.61672e-5      1.41663 
    6.15235e-5      1.41632 
     6.8338e-5      1.41597 
    7.53794e-5      1.41563 
    8.19895e-5      1.41534 
    8.98084e-5      1.41502 
    9.83681e-5      1.41468 
   0.000107749      1.41434 
   0.000118018      1.41398 
   0.000127475      1.41367 
   0.000138653      1.41331 
   0.000149756      1.41298 
   0.000161755      1.41262 
   0.000175939      1.41221 
   0.000191368      1.41178 
   0.000206691      1.41137 
   0.000223252      1.41093 
    0.00024283      1.41042 
   0.000258625      1.41002 
   0.000281304      1.40945 
   0.000308131      1.40879 
   0.000335151      1.40814 
   0.000364541      1.40744 
   0.000399286      1.40662 
     0.0004343       1.4058 
   0.000469098        1.405 
    0.00050666      1.40413 
   0.000547257      1.40321 
   0.000595246      1.40212 
   0.000651633      1.40085 
   0.000718775      1.39935 
   0.000804021      1.39745 
   0.000880695      1.39575 
    0.00097144      1.39375 
    0.00101711      1.39275 
    0.00114063      1.39004 
    0.00127591      1.38709 
    0.00142178      1.38391 
    0.00159303      1.38018 
    0.00175717      1.37662 
    0.00190396      1.37343 
     0.0020654      1.36993 
    0.00227822      1.36532 
    0.00253157      1.35984 
    0.00282025       1.3536 
    0.00315384      1.34639 
    0.00340258      1.34103 
     0.0035986       1.3368 
    0.00381136      1.33222 
         0.004      1.32816 
    0.00415221      1.32489 
    0.00428434      1.32206 
    0.00439939      1.31959 
    0.00449271       1.3176 
    0.00455245      1.31632 
    0.00461668      1.31496 
    0.00469786      1.31323 
    0.00476878      1.31173 
    0.00480424      1.31143 
    0.00487073      1.31087 
    0.00492392      1.31042 
    0.00496381      1.31009 
     0.0050037      1.30977 
    0.00503473      1.30952 
    0.00505246      1.30938 
    0.00508792       1.3091 
    0.00512338      1.30977 
    0.00515884      1.31045 
    0.00518544      1.31096 
    0.00521203      1.31147 
    0.00523863        1.312 
    0.00526522      1.31253 
    0.00529181      1.31307 
    0.00530068      1.31325 
    0.00530954      1.31391 
    0.00532728      1.31525 
    0.00534501      1.31658 
    0.00536273      1.31793 
    0.00538046      1.31928 
    0.00539819      1.32065 
    0.00540706      1.32133 
    0.00542479      1.32271 
    0.00544252      1.32574 
    0.00546247      1.32916 
    0.00547576      1.33145 
    0.00548906      1.33376 
    0.00550236      1.33608 
    0.00551344      1.33802 
    0.00551566      1.33871 
    0.00552895      1.34286 
    0.00554225      1.34702 
    0.00555555       1.3512 
    0.00556663      1.35471 
    0.00556885      1.35578 
    0.00557882      1.36064 
    0.00558879      1.36551 
    0.00559877       1.3704 
    0.00560652      1.37422 
    0.00560874      1.37575 
    0.00561871      1.38264 
    0.00562869      1.38957 
    0.00563312      1.39267 
    0.00563866      1.39788 
    0.00564863       1.4073 
    0.00565528      1.41361 
    0.00565971      1.41783 
    0.00566525       1.4248 
     0.0056719      1.43321 
    0.00567855      1.44164 
    0.00567966      1.44305 
     0.0056852      1.45227 
    0.00569185      1.46338 
     0.0056985      1.47453 
     0.0056996       1.4764 
    0.00570515      1.48822 
    0.00571179      1.50247 
     0.0057129      1.50485 
    0.00571844      1.51949 
    0.00572509      1.53714 
     0.0057262       1.5401 
    0.00573008      1.55298 
    0.00573506      1.56961 
     0.0057395      1.58444 
    0.00574005      1.58672 
    0.00574504      1.60729 
    0.00574947      1.62564 
    0.00575002      1.62842 
    0.00575501      1.65346 
    0.00575944      1.67582 
       0.00576      1.67924 
    0.00576465      1.70809 
    0.00576914      1.73602 
    0.00576942      1.73775 
    0.00577363      1.76917 
    0.00577607      1.78744 
    0.00577812      1.80523 
    0.00578249      1.84338 
     0.0057826      1.84451 
    0.00578698      1.88914 
     0.0057887      1.90674 
    0.00579114      1.93601 
     0.0057949      1.98145 
    0.00579529      1.98697 
    0.00579806       2.0265 
    0.00580083      2.06616 
    0.00580111      2.07014 
     0.0058036      2.11231 
    0.00580637      2.15932 
    0.00580665      2.16404 
    0.00580997      2.23007 
    0.00581153      2.26103 
     0.0058133      2.30231 
     0.0058164      2.37489 
    0.00581662      2.38086 
    0.00581884      2.44074 
    0.00582006      2.47378 
    0.00582106      2.50444 
    0.00582327      2.57281 
    0.00582371      2.58653 
    0.00582549      2.64873 
    0.00582704      2.70334 
    0.00582748      2.72101 
    0.00582948       2.8008 
    0.00583036      2.83638 
    0.00583147      2.88704 
    0.00583347      2.97854 
    0.00583369      2.98874 
    0.00583546      3.08227 
    0.00583701       3.1644 
    0.00583746       3.1908 
    0.00583923      3.29679 
    0.00583945      3.31141 
    0.00584144      3.44348 
    0.00584355      3.59807 
    0.00584377      3.61605 
    0.00584532      3.74242 
    0.00584566      3.76959 
    0.00584687      3.88006 
    0.00584776      3.96067 
    0.00584843      4.02796 
    0.00584987      4.17426 
    0.00584998      4.18683 
    0.00585153      4.36348 
    0.00585197      4.41414 
    0.00585308       4.5562 
    0.00585408      4.68451 
    0.00585445      4.73913 
    0.00585618      4.99072 
    0.00585625      5.00151 
    0.00585776      5.24798 
    0.00585805      5.29848 
     0.0058592      5.50522 
    0.00585924      5.51404 
    0.00586044       5.7529 
    0.00586101      5.86831 
    0.00586164       6.0062 
    0.00586238      6.17176 
    0.00586283      6.28287 
    0.00586374       6.5059 
     0.0058641      6.60163 
     0.0058651      6.87492 
    0.00586542      6.97189 
    0.00586671      7.36135 
    0.00586675      7.37623 
    0.00586786      7.74984 
    0.00586808      7.83151 
    0.00586902      8.17585 
    0.00586919      8.24772 
    0.00587017      8.64464 
    0.00587052      8.80443 
    0.00587141      9.20541 
     0.0058715      9.24565 
     0.0058723      9.65079 
    0.00587283      9.92178 
    0.00587318      10.1207 
    0.00587371      10.4201 
    0.00587407      10.6363 
     0.0058746      10.9616 
    0.00587495      11.1969 
    0.00587549      11.5511 
    0.00587584      11.8078 
    0.00587637      12.1942 
    0.00587673      12.4749 
    0.00587726      12.8974 
    0.00587761       13.205 
    0.00587815      13.6681 
     0.0058785       14.006 
    0.00587903      14.5147 
    0.00587939      14.8867 
    0.00587992      15.4469 
    0.00588027      15.8574 
    0.00588081      16.4757 
    0.00588116      16.9299 
    0.00588169       17.614 
    0.00588205      18.1177 
    0.00588258      18.8765 
    0.00588293      19.4364 
    0.00588347      20.2794 
     0.0058836      20.5101 
    0.00588413      21.4358 
    0.00588426      21.6862 
    0.00588479      22.6913 
    0.00588493      22.9635 
    0.00588546      24.0557 
    0.00588559      24.3518 
    0.00588612      25.5399 
    0.00588626      25.8621 
    0.00588679      27.1554 
    0.00588692      27.5062 
    0.00588745      28.9145 
    0.00588759      29.2966 
    0.00588812      30.8304 
    0.00588825      31.2464 
    0.00588878      32.9164 
    0.00588892      33.3691 
    0.00588945       35.186 
    0.00588958       35.678 
    0.00589011      37.6523 
    0.00589025       38.186 
    0.00589078      40.3273 
    0.00589091      40.9045 
    0.00589144      43.2208 
    0.00589158      43.8432 
    0.00589211      46.3399 
    0.00589224      47.0078 
    0.00589268      49.2395 
    0.00589277      49.6871 
    0.00589357      54.0159 
    0.00589366      54.4985 
    0.00589446      59.1608 
    0.00589455      59.6802 
    0.00589534      64.6233 
    0.00589543      65.1736 
    0.00589809      82.3821 
    0.00589811      82.5175 
    0.00589902      88.0508 
    0.00589911      88.5443 
    0.00589975      92.1053 
        0.0059      93.2986 
    0.00590049      95.6701 
    0.00590066      96.3965 
    0.00590115      98.3782 
    0.00590133      98.9475 
    0.00590182      100.495 
    0.00590199       100.88 
    0.00590254      102.053 
    0.00590266      102.185 
    0.00590311      102.681 
    0.00590332      102.753 
    0.00590348      102.803 
     0.0059035      102.808 
    0.00590411      102.436 
    0.00590423      102.358 
    0.00590474      101.445 
    0.00590496      101.039 
    0.00590538      99.8881 
    0.00590545       99.704 
    0.00590603      97.6651 
    0.00590609      97.4276 
    0.00590667      94.9199 
    0.00590674      94.6286 
    0.00590731      91.7222 
    0.00590738      91.3849 
    0.00590828      86.2565 
    0.00590834      85.8751 
    0.00590956       78.203 
    0.00590963       77.784 
    0.00591166      64.6922 
    0.00591174      64.1497 
    0.00591272      58.1976 
    0.00591281      57.6891 
    0.00591352      53.6325 
    0.00591361      53.1578 
    0.00591432      49.3722 
     0.0059144      48.9333 
    0.00591511      45.4342 
     0.0059152      45.0315 
    0.00591591      41.8217 
      0.005916      41.4543 
    0.00591671      38.5268 
     0.0059168       38.193 
    0.00591751      35.5342 
     0.0059176      35.2319 
     0.0059183      32.8239 
    0.00591839      32.5507 
    0.00591901      30.6451 
     0.0059191      30.3737 
    0.00591963      28.8811 
    0.00591972      28.6332 
    0.00592026      27.2544 
    0.00592034      27.0253 
    0.00592088      25.7513 
    0.00592096      25.5397 
     0.0059215      24.3622 
    0.00592158      24.1665 
    0.00592212      23.0774 
    0.00592221      22.8965 
    0.00592274      21.8884 
    0.00592283      21.7209 
    0.00592336      20.8035 
    0.00592376      20.1176 
    0.00592407      19.6327 
    0.00592447      19.0114 
    0.00592478      18.5678 
    0.00592526      17.8732 
    0.00592549      17.5843 
    0.00592606      16.8358 
    0.00592619      16.6774 
    0.00592686      15.8885 
     0.0059269      15.8402 
    0.00592761      15.0699 
    0.00592766      15.0219 
    0.00592832      14.3596 
    0.00592845      14.2276 
    0.00592903      13.7002 
    0.00592925       13.498 
    0.00592983      13.0127 
    0.00593005      12.8266 
    0.00593063      12.3801 
    0.00593089      12.1747 
    0.00593142      11.7964 
    0.00593178       11.545 
    0.00593222      11.2556 
    0.00593267      10.9673 
    0.00593342      10.5152 
    0.00593355      10.4358 
    0.00593462      9.85951 
    0.00593488      9.71595 
    0.00593541      9.45973 
    0.00593621       9.0767 
    0.00593649      8.95753 
    0.00593754      8.50645 
    0.00593756      8.49792 
    0.00593864      8.08583 
    0.00593891      7.98211 
    0.00593971      7.70589 
    0.00594028      7.51226 
    0.00594079      7.35449 
    0.00594165       7.0896 
    0.00594186      7.02919 
    0.00594294      6.72968 
    0.00594302      6.70814 
    0.00594401       6.4563 
    0.00594438      6.36288 
    0.00594538      6.13537 
    0.00594575      6.04926 
    0.00594674      5.84326 
    0.00594712       5.7637 
     0.0059481      5.57972 
    0.00594902      5.40755 
    0.00594946      5.33339 
    0.00595062      5.13974 
    0.00595083      5.10855 
    0.00595219      4.90192 
    0.00595222       4.8971 
    0.00595355      4.71356 
    0.00595382      4.67663 
    0.00595492      4.54093 
    0.00595596      4.41254 
    0.00595647      4.35601 
    0.00595802      4.18552 
    0.00595809      4.17794 
    0.00595957      4.03248 
    0.00596022       3.9688 
    0.00596112      3.88958 
    0.00596236      3.78146 
    0.00596267      3.75623 
    0.00596449      3.61311 
      0.005965      3.57652 
    0.00596666      3.45839 
    0.00596733      3.41555 
    0.00596888      3.31602 
    0.00596932      3.29076 
    0.00597132      3.17752 
     0.0059722      3.12736 
    0.00597331       3.0727 
    0.00597531      2.97465 
    0.00597553      2.96379 
     0.0059773      2.88758 
    0.00597885      2.82111 
     0.0059793      2.80435 
    0.00598218      2.69585 
    0.00598229      2.69216 
     0.0059845      2.61871 
    0.00598572      2.57845 
    0.00598694      2.54289 
    0.00598938      2.47203 
    0.00599182      2.40947 
    0.00599304      2.37829 
    0.00599426      2.35105 
    0.00599669      2.29677 
    0.00599791      2.26973 
    0.00600035      2.22308 
    0.00600279       2.1766 
    0.00600603       2.1229 
    0.00600765      2.09615 
    0.00600927      2.07271 
    0.00601251      2.02601 
    0.00601575      1.98586 
    0.00601899      1.94584 
    0.00602224      1.91185 
    0.00602548      1.87796 
    0.00602872      1.84896 
    0.00603209      1.81892 
    0.00603714      1.78019 
    0.00603882      1.76733 
    0.00604219      1.74574 
    0.00604724      1.71349 
    0.00604892      1.70279 
    0.00605229      1.68519 
     0.0060573      1.65913 
    0.00605894      1.65061 
    0.00606223       1.6364 
    0.00606716      1.61517 
     0.0060688      1.60812 
    0.00607209      1.59652 
    0.00607538      1.58496 
    0.00608195       1.5619 
    0.00608878      1.54261 
     0.0060956       1.5234 
    0.00610242      1.50844 
    0.00610925      1.49354 
    0.00611607      1.47869 
     0.0061229      1.46741 
    0.00612972      1.45617 
    0.00613655      1.44498 
    0.00614337      1.43657 
    0.00615361      1.42402 
    0.00616384      1.41153 
    0.00617408      1.40221 
    0.00618432      1.39293 
    0.00619114      1.38677 
    0.00619455      1.38453 
    0.00620479      1.37784 
    0.00621503      1.37117 
    0.00622526      1.36452 
    0.00623209       1.3601 
     0.0062355       1.3586 
    0.00624574      1.35411 
    0.00625938      1.34814 
    0.00627303       1.3422 
    0.00628668      1.33628 
    0.00630033      1.33239 
    0.00631398      1.32851 
    0.00632763      1.32464 
    0.00634128      1.32078 
    0.00635492      1.31694 
    0.00636857       1.3145 
    0.00638222      1.31206 
    0.00640042      1.30883 
    0.00641862       1.3056 
    0.00643682      1.30239 
    0.00645501      1.29919 
    0.00647321      1.29728 
    0.00649141      1.29537 
    0.00650961      1.29347 
    0.00653691      1.29063 
     0.0065642      1.28781 
     0.0065915      1.28499 
     0.0066188      1.28217 
      0.006637       1.2811 
    0.00667339      1.27895 
    0.00670069      1.27735 
    0.00672799      1.27575 
    0.00676439      1.27363 
    0.00680078      1.27151 
    0.00683718      1.26939 
    0.00687357      1.26728 
    0.00690997      1.26517 
    0.00692817      1.26412 
    0.00696457      1.26281 
    0.00701916      1.26085 
    0.00707375      1.25889 
    0.00714655      1.25628 
    0.00723754      1.25303 
    0.00731033      1.25044 
    0.00738312      1.24784 
    0.00745592      1.24525 
    0.00756511      1.24137 
     0.0076743      1.23749 
    0.00771069       1.2362 
    0.00781988      1.23286 
         0.008      1.22734 
    0.00816827      1.22219 
    0.00831488      1.21771 
    0.00852077      1.21142 
    0.00881605       1.2024 
    0.00904795      1.19531 
    0.00934117      1.18636 
    0.00981038      1.17203 
     0.0101382      1.16203 
     0.0107982      1.14189 
     0.0112945      1.12675 
     0.0114353      1.12197 
     0.0122804      1.09329 
     0.0132289       1.0611 
     0.0135463      1.05033 
     0.0142087      1.02539 
      0.015235     0.986742 
      0.015559     0.974546 
     0.0162859     0.944452 
     0.0171687     0.907905 
     0.0173367     0.900952 
     0.0180636     0.867937 
     0.0186683     0.840478 
      0.019138     0.819151 
      0.019273     0.812476 
     0.0198777     0.782582 
     0.0204426     0.754661 
     0.0209078     0.731665 
     0.0209394     0.730004 
     0.0216863     0.690771 
     0.0222905     0.659043 
     0.0227408     0.635394 
     0.0231911     0.611749 
     0.0236415     0.588108 
     0.0240918     0.564472 
     0.0242419     0.556595 
     0.0245422     0.542127 
     0.0248424     0.527663 
     0.0249925     0.520432 
     0.0251426     0.513904 
     0.0254429     0.500851 
     0.0257431     0.489749 
     0.0258932       0.4842 
     0.0260433     0.479607 
     0.0261934     0.475016 
     0.0263436     0.470908 
     0.0266438     0.464965 
     0.0269909     0.461738 
     0.0270378      0.46163 
     0.0273193     0.463235 
     0.0273239     0.463262 
      0.027507     0.466485 
     0.0276008     0.469182 
     0.0276946     0.471881 
     0.0278897     0.480061 
     0.0280849     0.491254 
     0.0281449     0.495777 
      0.028265     0.504827 
     0.0283647     0.514062 
     0.0284452     0.521517 
     0.0285653      0.53489 
     0.0287154     0.554311 
     0.0287904     0.565686 
     0.0288655     0.577064 
     0.0289856     0.597953 
     0.0291057     0.621503 
     0.0292258     0.647966 
     0.0293459     0.677647 
     0.0294059     0.694259 
      0.029466     0.710874 
      0.029586     0.748014 
     0.0297061     0.789488 
     0.0297662     0.812618 
     0.0298262     0.835752 
     0.0299463     0.887323 
     0.0300664      0.94479 
     0.0301265     0.976793 
     0.0301865       1.0088 
     0.0303066      1.08009 
     0.0304267       1.1595 
     0.0304867      1.20369 
     0.0305468      1.24789 
     0.0306368      1.32093 
     0.0307269      1.39982 
      0.030787      1.45719 
      0.030817      1.48587 
     0.0309071      1.57879 
     0.0309671      1.64641 
     0.0309971      1.68022 
     0.0310872      1.78982 
     0.0311172      1.82974 
     0.0311773      1.90959 
     0.0312673      2.03909 
     0.0313574      2.18077 
     0.0314174        2.283 
     0.0314475      2.33412 
     0.0315375      2.50208 
     0.0315676      2.56275 
     0.0316276      2.68409 
     0.0317177      2.88367 
     0.0318077       3.1002 
     0.0318378      3.17945 
     0.0318978      3.33795 
     0.0319579      3.51009 
     0.0319879      3.59617 
      0.032078      3.88005 
      0.032168      4.18872 
      0.032198      4.30195 
     0.0322581      4.52843 
     0.0323181      4.77489 
     0.0323482      4.89814 
     0.0324382      5.30538 
     0.0325283      5.74885 
     0.0325583      5.91175 
     0.0326184      6.23757 
     0.0326784      6.59238 
     0.0327084      6.76981 
     0.0327985      7.35618 
     0.0328586       7.7765 
     0.0329186      8.22282 
     0.0330087      8.94204 
     0.0330387      9.20536 
     0.0330987      9.73203 
     0.0331588       10.303 
     0.0331888      10.5886 
     0.0332789      11.5254 
     0.0333689      12.5363 
      0.033399      12.9022 
      0.033459      13.6342 
     0.0335491      14.8097 
     0.0336391      16.0724 
     0.0337292      17.4291 
     0.0337592      17.8814 
     0.0338493      19.3141 
     0.0339469      20.9234 
     0.0340595      22.8284 
     0.0341796      24.8603 
     0.0342396      25.8761 
     0.0342997      26.8469 
     0.0343597      27.8176 
     0.0343897       28.254 
     0.0344798      29.5631 
     0.0345699      30.6939 
     0.0346599      31.6544 
     0.0347012      31.9947 
     0.0347545       32.434 
      0.034762      32.4765 
     0.0348401      32.9184 
     0.0349301      33.1998 
     0.0349602      33.2358 
     0.0349902      33.2717 
     0.0350803      33.1834 
     0.0351703      32.8873 
     0.0352604      32.4199 
     0.0352904      32.2177 
     0.0353204      32.0155 
     0.0354405      31.0361 
     0.0355906      29.5782 
     0.0357708      27.6214 
     0.0358308      26.9691 
     0.0358909      26.3123 
     0.0359509      25.6554 
      0.036071      24.3418 
     0.0361311       23.685 
     0.0361911      23.0698 
     0.0363112      21.8396 
     0.0364313      20.6927 
     0.0365514      19.6148 
     0.0366715      18.6067 
     0.0367916      17.6671 
     0.0369117      16.7936 
     0.0370317      15.9826 
     0.0371518      15.2303 
     0.0372719      14.5327 
      0.037392      13.8858 
     0.0375121      13.2855 
     0.0376322      12.7406 
     0.0376923      12.4682 
     0.0377523      12.2216 
     0.0378724      11.7286 
     0.0379925      11.2896 
     0.0380525      11.0701 
     0.0381126      10.8706 
     0.0382327      10.4716 
     0.0383528      10.1142 
     0.0384128      9.93551 
     0.0384728      9.77223 
     0.0385929      9.44571 
      0.038713      9.15482 
     0.0388331      8.86394 
     0.0389532      8.60667 
     0.0390733      8.34941 
     0.0392535      8.00644 
     0.0393135      7.89212 
     0.0394336      7.68795 
     0.0395537      7.48379 
     0.0396137      7.39223 
     0.0397939      7.11754 
      0.039974      6.87362 
     0.0400941        6.711 
     0.0401541      6.63893 
     0.0403343      6.42272 
     0.0403943      6.35065 
     0.0405144      6.22358 
     0.0407096      6.01711 
     0.0409347      5.80064 
     0.0411749      5.59477 
      0.041295      5.49184 
     0.0414151        5.399 
     0.0416103      5.24816 
     0.0418054      5.11457 
      0.041993      4.98614 
     0.0420869      4.92907 
     0.0423683      4.75788 
      0.042556      4.65735 
     0.0428562      4.49651 
     0.0431564      4.35608 
     0.0433066      4.28587 
     0.0434567      4.22273 
     0.0437569      4.09644 
     0.0440571      3.98612 
     0.0443574      3.87581 
     0.0446576      3.77976 
     0.0449578      3.68372 
     0.0453761      3.56755 
     0.0456549       3.4901 
     0.0457943      3.45616 
      0.046327      3.32648 
     0.0465808      3.27254 
     0.0470884      3.16464 
     0.0475683       3.0757 
     0.0478499      3.02352 
     0.0481037      2.98134 
     0.0486113        2.897 
     0.0491189      2.82353 
     0.0496265      2.75006 
     0.0501342      2.68629 
     0.0506807      2.61763 
     0.0515005      2.52763 
     0.0517738      2.49763 
     0.0523204      2.44479 
     0.0528669      2.39196 
     0.0531402      2.36887 
     0.0542333      2.27653 
     0.0553264      2.19571 
     0.0555997      2.17551 
     0.0564195      2.12333 
     0.0566928      2.10593 
     0.0570927      2.08048 
     0.0577859      2.04121 
     0.0581936      2.01813 
     0.0592206      1.96621 
     0.0595622      1.94894 
      0.060587      1.90591 
     0.0612702      1.87722 
     0.0616118       1.8656 
     0.0626776      1.82932 
     0.0639073      1.79619 
     0.0650551       1.7753 
     0.0653284      1.77032 
     0.0658749      1.76573 
     0.0663122      1.76206 
     0.0667494      1.75988 
     0.0676239      1.76331 
     0.0676911      1.76358 
     0.0684984      1.77415 
     0.0695915      1.80319 
      0.070466      1.84035 
     0.0711219      1.87768 
     0.0713405      1.89383 
     0.0717777      1.92614 
     0.0719964      1.94583 
     0.0724336      1.98522 
     0.0726522      2.00889 
     0.0728709      2.03256 
     0.0733081      2.08677 
     0.0737453      2.14866 
      0.073964      2.18391 
     0.0741826      2.21917 
     0.0746198      2.29934 
     0.0750571      2.39038 
     0.0754943      2.49366 
     0.0759316      2.61077 
     0.0763688      2.74349 
      0.076806      2.89387 
     0.0772433      3.06425 
     0.0776805      3.25724 
     0.0777898      3.31128 
     0.0780085      3.41936 
     0.0783364      3.59598 
     0.0786643      3.79163 
     0.0787736      3.86265 
     0.0789923      4.00468 
     0.0792109      4.16198 
     0.0793202      4.24063 
     0.0796481      4.49746 
     0.0799761       4.7817 
      0.080152      4.94753 
      0.080304       5.0908 
     0.0806319      5.43232 
     0.0809599      5.80304 
     0.0810692      5.93916 
     0.0812878      6.21141 
     0.0815064      6.50597 
     0.0816157      6.65325 
     0.0819437      7.13753 
     0.0822716      7.65875 
     0.0824902      8.03658 
     0.0825995       8.2255 
     0.0829275      8.83072 
     0.0833647      9.70398 
     0.0838019       10.644 
     0.0843758      11.9609 
     0.0845125      12.2835 
     0.0847858      12.9287 
      0.085223      13.9611 
     0.0856602      14.9445 
     0.0857695      15.1903 
     0.0859882      15.6319 
     0.0862068      16.0735 
     0.0863161      16.2666 
     0.0865347      16.6528 
      0.086644      16.8119 
     0.0868627      17.1302 
      0.086972      17.2558 
     0.0870321      17.3249 
     0.0872125      17.5321 
     0.0873436      17.6334 
     0.0874857      17.7431 
     0.0876278      17.8157 
     0.0877371      17.8715 
     0.0879558      17.9154 
     0.0880651      17.9373 
     0.0882837      17.8975 
      0.088393      17.8775 
     0.0886116       17.773 
     0.0887209      17.7207 
     0.0889396       17.559 
     0.0893768      17.1261 
     0.0898141      16.5761 
     0.0900873      16.1762 
     0.0903606      15.7763 
     0.0910165       14.723 
     0.0914537      14.0208 
     0.0916723      13.6697 
     0.0921096      12.9675 
     0.0925468      12.3078 
     0.0927655      11.9779 
     0.0929841      11.6706 
     0.0934213      11.0559 
     0.0938586      10.4894 
     0.0942958      9.95961 
      0.094733      9.46571 
     0.0951703      9.00614 
     0.0956075        8.579 
     0.0960448      8.18218 
      0.096482      7.81352 
     0.0969193      7.47089 
     0.0973565      7.15222 
     0.0977938      6.86213 
     0.0980124      6.71709 
      0.098231       6.5851 
     0.0986682      6.32112 
     0.0991055      6.08514 
     0.0993241      5.96715 
     0.0995427      5.85919 
       0.09998      5.64329 
      0.100636      5.35177 
      0.101292      5.08351 
      0.101948      4.84281 
      0.102166      4.76258 
      0.102603      4.61939 
      0.103041       4.4762 
      0.103259      4.41201 
      0.103915      4.21944 
      0.104571      4.04611 
       0.10479      3.98834 
      0.105227      3.88401 
      0.105664      3.77969 
      0.105883      3.73253 
      0.106539      3.59103 
      0.107194      3.46501 
      0.107632      3.38101 
       0.10785      3.34404 
      0.108288      3.27011 
      0.108725      3.19619 
      0.109271      3.11568 
      0.109545      3.07542 
      0.109818      3.04015 
      0.110255      2.98373 
      0.110474      2.95551 
      0.110692      2.93226 
       0.11113      2.88576 
      0.111348      2.86252 
      0.111567      2.84445 
      0.111922       2.8151 
        0.1121      2.80043 
      0.112277      2.79048 
      0.112722      2.76563 
       0.11281      2.76066 
      0.113069      2.75447 
      0.113397      2.74664 
      0.113481      2.74634 
      0.113745      2.75062 
      0.113962      2.75415 
      0.114246      2.76981 
      0.114381      2.77727 
      0.114448      2.78412 
      0.114665      2.80603 
      0.114773        2.817 
      0.114881       2.8336 
      0.115152      2.87514 
      0.115314      2.90982 
      0.115422      2.93294 
      0.115476      2.94792 
      0.115639      2.99286 
      0.115693      3.00785 
      0.115801      3.04589 
      0.115963      3.10297 
      0.116125      3.17391 
       0.11618      3.19756 
      0.116288       3.2548 
      0.116396      3.31204 
      0.116504      3.38134 
      0.116612      3.45066 
      0.116721      3.53302 
      0.116775      3.57421 
      0.116829      3.62142 
      0.116937      3.71585 
      0.117045      3.82626 
      0.117099      3.88148 
      0.117153      3.94494 
      0.117261      4.07188 
       0.11737      4.21629 
      0.117478        4.376 
      0.117586      4.55274 
      0.117694      4.74838 
      0.117802      4.96493 
      0.117911      5.20454 
      0.118019      5.46944 
      0.118127      5.76183 
      0.118235       6.0838 
      0.118343      6.43704 
      0.118452      6.82263 
       0.11856      7.24059 
      0.118668      7.68934 
      0.118812       8.3343 
       0.11883      8.41466 
      0.119128      9.78909 
      0.119236      10.2559 
      0.119371      10.7637 
      0.119452      11.0082 
      0.119534      11.1944 
      0.119615      11.3166 
      0.119669      11.3528 
      0.119691      11.3677 
      0.119713      11.3702 
      0.119739      11.3556 
      0.119802        11.32 
      0.119812      11.3047 
      0.119885      11.1981 
      0.119966      11.0089 
      0.120048      10.7606 
      0.120142      10.4019 
      0.120156      10.3507 
      0.120264      9.87564 
       0.12044      9.02795 
       0.12067      7.90527 
      0.120778      7.40353 
      0.120886      6.92988 
       0.12094      6.70902 
      0.120994      6.48819 
      0.121048      6.27751 
      0.121157      5.88613 
      0.121265      5.52772 
      0.121373      5.20071 
      0.121481      4.90305 
      0.121589      4.63248 
      0.121698      4.38664 
      0.121806      4.16324 
      0.121914      3.96013 
      0.122022      3.77528 
       0.12213      3.60684 
      0.122239      3.45314 
      0.122347      3.31267 
      0.122455      3.18725 
      0.122509      3.12455 
      0.122563      3.06896 
      0.122671      2.95778 
      0.122718      2.91595 
      0.122858      2.79048 
      0.122974      2.70035 
      0.123032      2.65529 
       0.12309      2.61521 
      0.123205      2.53505 
       0.12338      2.42803 
      0.123555      2.33284 
       0.12373      2.24793 
      0.123905      2.17197 
       0.12408      2.10382 
      0.124255      2.04443 
      0.124342      2.01474 
       0.12443        1.989 
      0.124605      1.93753 
       0.12478      1.89391 
      0.124867       1.8721 
      0.125042      1.83419 
       0.12513      1.81524 
      0.125305      1.78377 
       0.12548      1.75231 
      0.125567      1.73962 
       0.12583      1.70155 
      0.126005      1.68024 
      0.126354      1.64486 
      0.126704      1.61834 
      0.127054      1.60004 
      0.127404      1.58949 
      0.127754      1.58641 
      0.128104      1.59067 
      0.128454      1.60225 
      0.128804      1.62127 
      0.128979      1.63459 
      0.129154      1.64792 
      0.129504      1.68247 
      0.129853      1.72528 
      0.130028      1.75104 
      0.130203      1.77679 
      0.130553      1.83749 
      0.130903      1.90796 
      0.131078      1.94838 
      0.131253      1.98881 
      0.131603      2.08074 
      0.131778      2.13262 
      0.131953       2.1845 
      0.132303      2.30087 
      0.132478      2.36579 
      0.132653      2.43072 
      0.133003      2.57493 
      0.133178      2.65467 
      0.133352      2.73442 
      0.133702      2.91013 
      0.133877      3.00656 
      0.134052        3.103 
      0.134402      3.31399 
      0.134752      3.54397 
      0.135102      3.79379 
      0.135452      4.06419 
      0.135802      4.35578 
      0.136152      4.66898 
      0.136502      5.00399 
      0.136851      5.36076 
      0.137201      5.73892 
      0.137639      6.24041 
      0.138076      6.77158 
      0.138776      7.67339 
      0.139476       8.6228 
      0.140001      9.33484 
      0.140525      10.0469 
      0.140875      10.5215 
       0.14105      10.7421 
      0.141575      11.4038 
       0.14217      12.0812 
       0.14217      12.0812 
      0.142625      12.5405 
       0.14315      12.9958 
      0.143675      13.3765 
      0.144199      13.6646 
      0.144374      13.7355 
      0.144724      13.8773 
      0.145074      13.9614 
      0.145249      14.0035 
      0.145949      14.0691 
      0.146124       14.059 
      0.146561      14.0337 
      0.146999      13.9665 
      0.147698      13.8016 
      0.148398      13.5757 
      0.148748      13.4627 
      0.149098      13.3383 
      0.149798      13.0895 
      0.150498      12.8407 
      0.151022      12.6541 
      0.151547       12.508 
      0.151897      12.4105 
      0.152072      12.3794 
      0.152597      12.2861 
      0.153122      12.2524 
      0.153472      12.2778 
      0.153647      12.2905 
      0.153997      12.3668 
      0.154084      12.3993 
      0.154347      12.4966 
      0.154696       12.702 
      0.154784      12.7533 
      0.154959      12.9034 
      0.155134      13.0535 
      0.155221      13.1508 
      0.155396      13.3452 
      0.155486      13.4712 
       0.15566      13.7154 
      0.155744      13.8578 
      0.155912      14.1426 
      0.155996      14.3166 
      0.156164      14.6648 
      0.156248      14.8694 
      0.156416      15.2786 
      0.156584      15.7644 
      0.156668      16.0073 
      0.156836      16.5595 
       0.15692      16.8357 
      0.157088      17.4462 
      0.157718      19.9032 
      0.157802      20.2307 
      0.157886      20.5187 
       0.15797      20.8066 
      0.158138      21.2877 
      0.158306      21.6395 
      0.158432      21.7846 
      0.158474       21.833 
      0.158583      21.8685 
        0.1586      21.8599 
      0.158726      21.7957 
      0.158768      21.7396 
      0.158852      21.6273 
      0.158894       21.532 
      0.159062      21.1506 
       0.15923      20.6219 
      0.159398      19.9959 
      0.159482      19.6442 
      0.159671      18.8527 
      0.160112       16.965 
      0.160196      16.6054 
      0.160364      15.9425 
      0.160448      15.6111 
      0.160532      15.3121 
        0.1607       14.714 
      0.160868      14.1748 
      0.160952      13.9052 
      0.161036      13.6683 
      0.161204      13.1946 
      0.161372      12.7724 
      0.161456      12.5614 
       0.16154      12.3769 
      0.161708       12.008 
      0.161792      11.8436 
       0.16196      11.5147 
      0.162044      11.3703 
      0.162213      11.0816 
      0.162297       10.955 
      0.162549      10.5753 
      0.162801       10.248 
      0.162885      10.1389 
      0.163137      9.84901 
      0.163473      9.50614 
      0.163809      9.20342 
      0.164145      8.93415 
      0.164481      8.70026 
      0.164649      8.58332 
      0.164817      8.48106 
      0.165153      8.27656 
      0.165321      8.18948 
      0.165825      7.92823 
      0.166329      7.70459 
      0.166497      7.63005 
      0.166833      7.50098 
      0.167253      7.33965 
      0.167925      7.11805 
      0.168198      7.02802 
      0.168734       6.8749 
      0.169259      6.72478 
      0.169522      6.66001 
      0.170322      6.46256 
      0.170589      6.39674 
      0.171288      6.24755 
      0.171987      6.09836 
      0.172336      6.03324 
      0.173384      5.83789 
      0.173728       5.7738 
      0.174416      5.65981 
      0.175448      5.48884 
      0.176494      5.33383 
      0.177567      5.17474 
      0.178447      5.05788 
      0.179603      4.90451 
      0.180428      4.79496 
      0.181309      4.68935 
      0.182189      4.58373 
       0.18307      4.47812 
       0.18351      4.42532 
       0.18417      4.35264 
      0.185051      4.25574 
      0.185931      4.15885 
      0.186592      4.08618 
      0.186812       4.0643 
      0.187472      3.99864 
      0.188132        3.933 
      0.188793      3.86735 
      0.189453      3.81056 
      0.189893       3.7727 
      0.190334      3.73484 
      0.190774      3.70397 
      0.191214      3.67311 
      0.191434      3.65768 
      0.191654      3.64651 
      0.191874      3.63534 
      0.192315        3.613 
      0.192755      3.60157 
      0.193195      3.59014 
      0.193305      3.58949 
      0.193415      3.58883 
      0.193635      3.59206 
      0.194076      3.59852 
      0.194516      3.61831 
      0.194956      3.65118 
      0.195396      3.69956 
      0.195837      3.76624 
      0.196277      3.85438 
      0.196717      3.96746 
      0.197157      4.10903 
      0.197267      4.15168 
      0.197488        4.237 
      0.197818      4.38327 
      0.198148      4.55228 
      0.198478      4.74161 
      0.198808      4.95539 
      0.199193      5.23143 
      0.199469       5.4473 
      0.199909      5.82055 
      0.200349      6.22559 
      0.200569       6.4281 
      0.200679      6.53162 
      0.201009      6.84215 
       0.20134      7.15266 
       0.20156      7.35966 
       0.20167      7.45395 
      0.201912      7.66139 
      0.202088      7.81224 
      0.202209      7.90172 
       0.20255      8.15387 
       0.20288      8.35365 
      0.202991      8.42024 
      0.203211      8.52144 
      0.203431      8.62262 
      0.203651      8.69902 
      0.204091      8.80453 
      0.204669      8.85556 
      0.204807      8.85004 
      0.205082        8.839 
      0.205522      8.78273 
      0.205742      8.73499 
      0.206182      8.63952 
      0.206402      8.57616 
      0.206843      8.44944 
      0.207063      8.38609 
      0.207283       8.3139 
      0.207723      8.16952 
      0.208163      8.02515 
      0.208604      7.88079 
      0.209044      7.73645 
      0.209484      7.59211 
      0.209871      7.46525 
      0.209936      7.44836 
      0.209968      7.43992 
      0.209984      7.43571 
      0.210017      7.42698 
      0.210035      7.42245 
      0.210069      7.41336 
      0.219507      4.94367 
          0.22      4.82164 
        0.2214        5.593 
       0.22245       6.1765 
        0.2228      6.36198 
      0.223979      5.72711 
        0.2268      4.18884 
        0.2295      3.64103 
        0.2336      3.81191 
      0.235911      3.61292 
        0.2444       2.8821 
       0.25387      2.18071 
        0.2539      2.18303 
      0.253956      2.20611 
      0.257874      4.17158 
        0.2579      4.17705 
      0.257957      4.15674 
      0.261885      2.13828 
         0.262      2.08188 
       0.26217      2.04941 
      0.263012      1.88849 
        0.2647      1.57222 
        0.2687      1.36691 
      0.272645      1.56327 
        0.2728      1.57409 
      0.273125        1.698 
        0.2741      2.08128 
      0.275281      2.83762 
        0.2768      3.81211 
        0.2795      5.28468 
        0.2822      6.36665 
      0.283718      6.26096 
      0.286181      6.08939 
        0.2971      4.81573 
        0.3079      4.38891 
      0.311472      5.32167 
        0.3133      5.79915 
        0.3201      4.18675 
      0.325214      3.36238 
        0.3255      3.31624 
        0.3376      2.88209 
        0.3471      2.62498 
        0.3552      2.39222 
      0.357041      2.55795 
      0.359193      2.75169 
      0.359272      2.77859 
      0.362914      4.23193 
        0.3633      4.39424 
      0.363556      4.69031 
      0.367368      9.21403 
        0.3674      9.23345 
      0.367461       9.2024 
      0.372773      4.62193 
      0.372816      4.60698 
      0.373138      4.71387 
      0.375479      5.52646 
      0.375521      5.50757 
      0.378168      2.21897 
        0.3782      2.18891 
      0.378231      2.17272 
      0.383552     0.996128 
       0.38358     0.992992 
        0.3836     0.995549 
      0.383623      1.00551 
      0.383662      1.03222 
      0.387569      3.96998 
      0.387611      3.98766 
      0.387621      3.98871 
      0.392514      3.24176 
      0.393068       3.1571 
        0.3971      2.75201 
        0.4039      3.31584 
        0.4106      4.38896 
        0.4133      5.53372 
        0.4187      5.29521 
       0.41905      5.55724 
      0.420078      6.34836 
        0.4201       6.3529 
      0.420146      6.33139 
      0.421304      5.36621 
      0.421396      5.29644 
      0.421582      5.27671 
      0.431181      4.78789 
        0.4349      4.59848 
        0.4376      5.04268 
         0.462      4.18588 
      0.469227       3.8616 
        0.4741      3.64297 
      0.477688        4.668 
        0.4782      4.80789 
      0.479887      4.29906 
        0.4836      3.16502 
      0.487553      2.29314 
      0.487569      2.29128 
        0.4876      2.29411 
       0.48764       2.3144 
      0.490283      4.36865 
      0.490336      4.38655 
        0.4944      4.59344 
           0.5      3.71092 
        0.5025      3.31694 
        0.5079      3.31421 
        0.5147      2.88452 
      0.521394      3.81397 
        0.5268      5.53985 
        0.5282      6.07359 
      0.530922       5.5323 
        0.5349      4.38866 
        0.5444      3.63981 
        0.5552      3.47421 
       0.56187      3.99311 
      0.562543      4.13308 
        0.5647      4.59537 
        0.5674      5.04283 
      0.571275        5.045 
        0.5714      5.04292 
       0.57669      4.20345 
      0.577446      4.04957 
      0.583568      2.75894 
      0.583584      2.75829 
      0.583631      2.76838 
      0.587538      4.78244 
        0.5876      4.80519 
      0.587727      4.78695 
      0.589555       4.3817 
      0.595194      3.13219 
        0.5957      3.02404 
      0.601157      3.45543 
        0.6012      3.45061 
      0.601281      3.40969 
      0.602459      2.68196 
        0.6025      2.66197 
      0.602584      2.64125 
        0.6052      2.18442 
        0.6079      1.99613 
      0.608465      2.04509 
      0.610556      2.22635 
      0.610663       2.2423 
        0.6147      3.03562 
        0.6174      3.88466 
        0.6187      4.16652 
        0.6214      4.26289 
      0.627975      3.95716 
      0.630167      3.86254 
        0.6322      3.79133 
        0.6363      3.74481 
      0.640287      3.93369 
        0.6444      4.78424 
        0.6484      5.68276 
      0.651475      6.32125 
        0.6525      6.52447 
       0.65335      6.13202 
      0.656591      4.60185 
       0.65845      4.17361 
        0.6593      3.98212 
         0.666      3.46052 
        0.6741      3.12931 
        0.6863      2.89319 
        0.6944      2.84547 
      0.699687      2.98404 
      0.700275      3.02073 
        0.7038      3.27488 
        0.7052      3.74571 
      0.707858      4.95167 
        0.7079      4.95921 
       0.70798      4.93374 
      0.710556      3.67099 
      0.710662      3.63475 
      0.712507      3.20937 
      0.714647      2.71594 
        0.7147      2.71126 
      0.714763      2.72443 
      0.717062      3.48962 
        0.7174      3.59531 
        0.7201      3.27175 
        0.7241       2.9896 
        0.7268      3.26815 
        0.7295       3.0352 
        0.7363      2.98736 
        0.7471      3.17658 
        0.7538      3.55652 
        0.7565      3.97971 
      0.759575        4.406 
        0.7606      4.54113 
      0.761787      4.17372 
      0.763272      3.70725 
      0.763383      3.69358 
        0.7701      3.41772 
      0.771356      3.74994 
        0.7768       5.2051 
        0.7795      5.07631 
      0.780175        5.399 
        0.7822      6.38824 
        0.7849      7.05292 
        0.7876      7.52134 
        0.7903      7.00645 
         0.793      6.39326 
        0.7998       5.3997 
        0.8106      4.31112 
      0.817688       3.6495 
        0.8187      3.55918 
      0.822559      4.22239 
      0.822856       4.2678 
        0.8282      4.63979 
        0.8336      4.26427 
         0.839      3.98055 
        0.8417      3.93403 
      0.845687       4.1236 
      0.846256      4.26961 
        0.8498      5.21494 
      0.851156      5.98618 
        0.8512      5.99857 
      0.851294      5.97729 
      0.855138        4.478 
        0.8552       4.4624 
      0.855328      4.47813 
      0.858275        5.056 
        0.8593       5.2485 
      0.860475       4.8662 
       0.86198      4.36758 
      0.862164      4.34624 
        0.8687      3.84067 
      0.874119      4.31578 
      0.875323      4.55785 
        0.8755      4.59347 
        0.8768      4.73094 
        0.8785      4.29053 
      0.879509      4.02861 
        0.8836      3.55607 
        0.8917      3.22405 
        0.9052      2.93861 
        0.9106       2.5133 
      0.914652      2.14108 
      0.914668      2.14084 
      0.914731      2.14933 
        0.9152      2.31741 
      0.915981      2.59983 
      0.916075      2.62017 
        0.9187      3.03198 
        0.9201      3.12615 
        0.9241      2.84773 
      0.926331      3.12834 
      0.927175      3.23443 
        0.9282      3.36846 
      0.930562      4.23417 
      0.930858      4.33847 
      0.930879       4.3401 
      0.930931      4.32289 
      0.931087      4.18779 
       0.93215      3.22267 
      0.932212      3.18147 
      0.932275      3.16273 
        0.9349      2.70389 
        0.9376      2.46994 
      0.939625      2.71467 
        0.9403      2.79771 
         0.943      3.17366 
        0.9457      3.26925 
      0.949512       3.1384 
        0.9579      2.93973 
        0.9633      2.89341 
      0.968666      3.12874 
      0.968719      3.13859 
      0.970047      3.62715 
        0.9701      3.63541 
      0.970163      3.62253 
      0.971381      3.13917 
      0.971475      3.12357 
        0.9741      2.94292 
        0.9768      3.27096 
      0.978825      3.55418 
        0.9795      3.64238 
       0.98035      3.45509 
      0.982209      3.03435 
        0.9863      2.60981 
        0.9917      2.37262 
      0.999673        2.372 
        0.9998       2.3731 
             1      2.38585 
          1.02      3.65649 
         1.035      2.49085 
         1.036      2.41729 
         1.037      2.57936 
         1.043      3.57761 
         1.044      3.73969 
        1.0515      3.17573 
       1.05188       3.1471 
        1.0524      3.10806 
         1.054      2.98795 
         1.057      2.93908 
         1.066      2.46666 
          1.08      2.01765 
       1.08398      2.32341 
         1.085      2.49682 
          1.09      3.36156 
         1.093      3.59373 
       1.10088      3.14702 
         1.102      3.03462 
       1.10979      3.37262 
         1.117      3.68545 
         1.137      3.56523 
       1.14697      3.74253 
       1.14705      3.76223 
         1.148      4.11474 
       1.15025      4.50849 
         1.151      4.63261 
         1.153      4.35882 
       1.15672      4.70434 
       1.16022      5.02944 
         1.166       5.5661 
         1.175      4.45189 
          1.18      4.58707 
       1.18398      3.88628 
          1.19      3.62402 
         1.192      3.46051 
         1.194      3.78183 
         1.198      3.41002 
         1.206      3.19913 
       1.21909      3.17936 
         1.226      3.16889 
         1.239      3.37925 
         1.247      2.98971 
         1.249      3.31697 
         1.251      3.29391 
         1.254      3.91602 
         1.259      3.55934 
         1.263      3.83458 
         1.273      3.01204 
         1.276      3.12862 
         1.283      2.68463 
       1.28381      2.75169 
       1.28547      2.88946 
         1.291      3.34751 
         1.295      3.01803 
         1.312      2.62235 
          1.32      2.95463 
         1.332      2.53148 
       1.33997       2.6828 
       1.34025      2.71299 
       1.34325      3.07831 
         1.344      3.16382 
         1.345      3.00241 
        1.3475      2.58434 
         1.348      2.50524 
         1.352      2.72882 
         1.356      2.95408 
         1.363      2.37172 
         1.364      2.29136 
       1.36625      2.45919 
       1.36993      2.73814 
         1.376      3.19925 
         1.389      3.41521 
         1.397       4.0795 
       1.40481      3.37045 
       1.40513      3.34797 
         1.417      2.83853 
       1.42903      3.35849 
         1.437      4.29372 
       1.44184      4.00027 
       1.45079      3.45767 
       1.45685      3.08996 
       1.45711      3.07966 
          1.47      2.92909 
         1.486      2.89904 
         1.506      3.02122 
       1.51019      3.10416 
         1.526      3.41655 
       1.53388      3.80888 
         1.543      4.26301 
       1.55425      2.81373 
         1.555       2.7202 
         1.565      2.97487 
         1.575      3.23178 
       1.58838      2.89509 
         1.593      2.77876 
         1.605      3.47441 
       1.61383       2.9906 
         1.621      2.59728 
         1.629       3.0188 
       1.63908      2.59936 
         1.645      2.35317 
         1.655      2.48757 
       1.65692      2.56504 
         1.668      3.01222 
         1.675      2.77263 
         1.682      3.07375 
         1.689      3.03446 
         1.706      3.39849 
         1.714      3.44547 
       1.72991      3.26482 
       1.73041      3.23922 
       1.73369      3.03974 
         1.735      2.96406 
       1.73673       3.1675 
       1.73725       3.2279 
        1.7455      4.21031 
         1.747       4.3837 
         1.753      3.73492 
         1.759      3.08293 
       1.75982      3.06543 
         1.779      2.65613 
       1.82652      2.23343 
       1.83678      2.14213 
         1.844      2.08024 
         1.847      2.35907 
       1.85194      2.82263 
       1.85525      3.13248 
         1.856      3.19896 
        1.8605      2.89491 
         1.868      2.38376 
       1.88011      2.56836 
         1.893      2.99074 
       1.89635      3.23053 
         1.901      3.56337 
       1.90325      3.31133 
       1.90494       3.1194 
       1.90513       3.1095 
         1.913      2.96056 
        1.9165       2.9937 
       1.92875      3.10956 
        1.9305      3.15369 
       1.94042      3.42972 
         1.941      3.44595 
         1.949      3.65693 
       1.96541      2.71993 
       1.96619      2.67954 
         1.974      2.41488 
       1.99425      3.33356 
             2      3.53041 
          2.01      3.87046 
       2.02631      3.40868 
         2.039      3.11445 
         2.047      3.71546 
          2.05      3.40086 
         2.055      2.87031 
         2.061      2.54949 
         2.063      2.44621 
       2.06562      2.64249 
       2.07503      3.35462 
         2.091      3.56708 
         2.098      3.40786 
           2.1      3.35609 
         2.105      3.22666 
         2.114      2.87339 
         2.124       3.0333 
         2.137      2.89689 
       2.14871      3.19193 
          2.15      3.22433 
         2.166      3.62734 
         2.175      3.27863 
         2.179      3.37759 
         2.194      2.94505 
           2.2      3.25011 
         2.206      3.55516 
         2.216       2.9752 
         2.222      3.13384 
         2.229      3.01419 
         2.239      2.92047 
         2.247       3.2963 
          2.25      3.24365 
         2.259      3.08571 
         2.279      3.27282 
         2.283      3.13311 
       2.29256      3.19674 
           2.3      3.24825 
         2.307      3.29672 
         2.328      2.63645 
       2.33155      2.79987 
         2.341      3.23404 
         2.344      3.13068 
         2.347      2.97415 
          2.35      3.04162 
         2.354      3.13158 
         2.364      2.44621 
         2.372      2.28019 
         2.385      2.18581 
           2.4       2.6837 
         2.405      2.84966 
         2.409      2.84605 
         2.415      2.72991 
         2.422      2.94869 
         2.429      2.44601 
         2.449        2.138 
          2.45      2.14385 
       2.45696      2.18458 
       2.45819      2.23631 
          2.47      2.75268 
         2.482      3.38989 
           2.5      3.97417 
         2.506      4.16893 
          2.52      3.80447 
         2.527      4.08305 
         2.533      3.54125 
         2.543      3.17832 
       2.54991      3.05756 
          2.55      3.05592 
         2.551      3.03844 
       2.55487      3.32355 
         2.567      4.21621 
        2.5985      3.23244 
           2.6      3.18448 
         2.609      2.89672 
         2.618      2.87248 
       2.62253      2.92616 
         2.635      3.07423 
         2.641      2.95448 
          2.65      3.20046 
         2.655      3.33712 
         2.657      3.32031 
         2.674      2.68347 
       2.67437      2.67354 
         2.682      2.47151 
       2.68922      2.63056 
         2.698       2.8241 
           2.7      2.80076 
         2.706      2.73073 
         2.718      2.87158 
       2.73846      2.77576 
         2.743      2.75451 
          2.75      2.82398 
       2.75407      2.86438 
       2.76706      2.99321 
         2.783      3.72049 
           2.8      3.01964 
       2.80702       2.7301 
         2.824      2.47012 
       2.83614      2.34657 
          2.85      2.20692 
         2.852      2.18677 
       2.86812      2.52123 
         2.876      2.79889 
         2.889      2.44744 
           2.9      2.79671 
         2.909      3.08245 
         2.921      2.56411 
         2.925      2.44699 
         2.937      2.61074 
         2.949      2.37582 
       2.95817      2.50987 
         2.969      2.66816 
       2.97193      2.64225 
         2.978      2.58869 
       2.98938      2.78985 
       2.99025      2.80155 
             3      2.82547 
         3.006      2.83884 
         3.013      3.05184 
       3.02116      2.72694 
       3.02992      2.37826 
       3.03052       2.3709 
         3.051      2.21065 
       3.06932      2.49113 
       3.07094       2.5159 
       3.09278      2.60262 
         3.095       2.6116 
       3.11622      2.45662 
         3.125      2.39279 
       3.13599      2.61892 
         3.147      2.84525 
       3.15594      2.30488 
       3.15663      2.28901 
         3.169      2.05877 
       3.17467      2.16434 
         3.208      2.78525 
        3.2287      2.38724 
          3.23      2.36219 
       3.23165      2.37308 
       3.23189      2.37464 
       3.23894      2.42104 
         3.252      2.67496 
         3.266       2.8054 
       3.27908      2.58014 
          3.29      2.39215 
         3.296      2.47137 
         3.314      2.25978 
       3.33155      2.40319 
       3.34176      2.48666 
         3.345       2.5131 
         3.371      2.69537 
         3.384      2.89705 
       3.40478       2.5438 
       3.40575      2.52739 
       3.42396      2.34183 
         3.432      2.25995 
       3.43876      2.31811 
       3.44643      2.38406 
         3.459      2.49214 
         3.481      2.40217 
         3.498      2.56319 
       3.51789      2.32576 
         3.525      2.24083 
       3.53056      2.28871 
        3.5512      2.46651 
         3.564      2.67601 
       3.57392      2.78985 
         3.586      2.92846 
       3.59002      2.89026 
       3.59971      2.79804 
           3.6       2.7953 
         3.605      2.74771 
         3.621      2.89801 
       3.62712       2.7771 
         3.641        2.503 
       3.64774      2.38803 
         3.657      2.23024 
        3.6733      2.13271 
         3.674      2.12854 
       3.70099       2.5194 
        3.7015      2.52674 
       3.70599      2.57648 
         3.714      2.66527 
       3.73315      2.45645 
         3.739      2.39259 
         3.771      2.61468 
       3.78212      2.59644 
       3.79325      2.54777 
        3.8154      2.44573 
        3.8155      2.44525 
         3.836      2.34097 
       3.84666      2.27131 
          3.85      2.24952 
         3.856      2.21033 
         3.876      2.28068 
         3.889      2.22068 
           3.9      2.40057 
         3.905      2.48233 
       3.90661       2.4797 
         3.917      2.46273 
         3.933      2.32183 
         3.941      2.44234 
          3.95      2.40056 
       3.95303       2.3865 
         3.978      2.27049 
       3.99825      2.43371 
             4      2.43817 
         4.026      2.50288 
          4.05      2.44407 
         4.063      2.41222 
       4.07759       2.4491 
         4.079      2.45265 
         4.091       2.3511 
           4.1       2.2907 
         4.103      2.27057 
       4.10379      2.27705 
         4.125      2.45238 
         4.148      2.23074 
          4.15      2.25298 
       4.15431      2.30088 
         4.177       2.5531 
           4.2      2.23036 
       4.20545      2.21097 
         4.237      2.09832 
       4.24981      2.16957 
          4.25      2.17063 
         4.266       2.2596 
         4.289      2.13942 
       4.29464      2.17786 
           4.3      2.21442 
         4.326      2.39167 
       4.32857      2.38578 
         4.348      2.34121 
          4.35      2.34951 
          4.37      2.43249 
       4.38859      2.25994 
           4.4      2.15408 
          4.43      1.87564 
       4.43198      1.89475 
          4.45      2.06884 
         4.475      2.31035 
        4.4802      2.27942 
         4.497      2.17938 
           4.5      2.19997 
         4.519      2.33037 
          4.55      2.11903 
         4.556      2.07813 
       4.57371      2.09037 
       4.58647      2.09942 
           4.6       2.1452 
       4.62596      2.23301 
         4.631      2.25006 
       4.63166      2.25639 
          4.65      2.43325 
         4.653      2.46218 
        4.6788      2.28071 
       4.68375       2.2463 
           4.7      2.17069 
       4.71481      2.10177 
         4.735      2.00773 
          4.75      2.24922 
        4.7511      2.26693 
       4.75697      2.36136 
         4.772      2.54322 
           4.8      2.35985 
       4.80856      2.30378 
       4.81016      2.28674 
       4.81019      2.28642 
         4.824      2.11814 
         4.846      1.99714 
          4.85       2.0025 
       4.85493      2.00911 
       4.87606      2.03742 
       4.88879      2.13096 
         4.898      2.19869 
           4.9      2.20513 
          4.92      2.26954 
       4.93048      2.22733 
          4.95      2.14873 
         4.965      2.08832 
       4.99177      2.33254 
         4.995      2.36203 
       4.99588      2.37468 
             5      2.43361 
         5.002       2.4621 
       5.02105      2.39998 
       5.03527      2.35359 
        5.0395      2.33979 
       5.06075       2.2946 
         5.077      2.26002 
       5.08472         2.26 
           5.1      2.25996 
         5.103      2.25995 
       5.12656      2.23463 
          5.14      2.22019 
         5.148      2.23981 
        5.1492      2.23548 
         5.162      2.18913 
       5.17087      2.17351 
         5.185      2.14861 
         5.192      2.05824 
           5.2      1.99331 
       5.20443      1.95738 
         5.207       1.9365 
       5.21449      1.96106 
         5.244      2.05773 
         5.266      1.98725 
        5.2885      2.07596 
       5.29943       2.1264 
           5.3      2.12903 
        5.3185       2.2144 
         5.341      2.32058 
       5.34758      2.30272 
         5.378      2.22004 
           5.4      2.25936 
       5.41503      2.10792 
       5.44198      2.01987 
         5.452      1.98727 
       5.46063      2.05065 
         5.475      2.13823 
       5.48875      2.02879 
         5.497      2.00518 
           5.5      1.99711 
         5.519      1.94598 
       5.52018      1.94831 
       5.53144      1.97057 
         5.534      1.97562 
         5.556      1.93625 
         5.579      2.13834 
         5.608      2.03708 
       5.62238      2.04982 
       5.62907      2.05605 
         5.631      2.05783 
       5.63576       2.0507 
       5.63866      2.04659 
       5.64157      2.04247 
         5.653      2.02701 
       5.65743      2.03212 
       5.67333      2.05049 
       5.69326      2.07351 
         5.697      2.07782 
           5.7      2.06974 
       5.70526      2.05558 
          5.72      2.01704 
         5.757      1.94626 
       5.75806      1.94841 
       5.78389      2.00077 
        5.7865      2.00606 
       5.80983      2.11948 
         5.816      2.14866 
         5.846      2.04721 
        5.8568      2.08387 
         5.876      2.14904 
         5.891      2.25969 
       5.90415      2.30431 
         5.906      2.31059 
       5.92797      2.25083 
         5.939      2.22082 
       5.95188      2.18074 
         5.972      2.11813 
             6       2.1505 
       6.00575      2.15627 
         6.017      2.16888 
         6.054      2.05837 
       6.06033      2.07036 
         6.091      2.12838 
           6.1      2.17876 
         6.127      2.03731 
         6.154      1.91641 
       6.16063      1.90033 
         6.175      1.86547 
       6.21383      1.90203 
       6.22879      1.91611 
         6.245      1.97637 
         6.256      2.01726 
         6.269      2.05823 
       6.27975      2.08122 
         6.283      2.08816 
           6.3      2.08813 
       6.31675      2.08814 
         6.337      2.06803 
         6.364      2.01716 
       6.37122      2.03196 
       6.38893       2.0683 
       6.40318      2.09752 
       6.41425      2.12022 
         6.431      2.15888 
         6.465      2.21957 
       6.48556      2.12615 
           6.5      2.08367 
         6.519      2.02687 
         6.526      2.00702 
         6.614        2.017 
       6.61853      2.00095 
       6.62155      1.99028 
         6.634      1.94615 
         6.648      1.88524 
         6.668      1.82447 
       6.69444      1.91426 
           6.7      1.94202 
         6.715      2.01699 
         6.735      2.03709 
       6.74537      2.03278 
        6.7825      2.01737 
       6.80815      1.98979 
          6.83       1.9662 
        6.8715       2.0175 
           6.9      2.05284 
         6.904      2.05779 
         6.945      1.94604 
         6.972      1.90618 
             7      1.97691 
         7.012      2.00668 
         7.037      1.87527 
           7.1      1.78575 
         7.101      1.78432 
       7.11782      1.79489 
       7.14883      1.81437 
       7.15119      1.81585 
         7.174      1.84533 
         7.231       1.8854 
       7.23762       1.8838 
       7.27197      1.87539 
         7.288       1.8554 
           7.3      1.84247 
         7.345      1.79426 
       7.37175      1.76027 
         7.393      1.73331 
       7.42112      1.76088 
         7.438      1.77742 
         7.483      1.81409 
       7.48331      1.81438 
           7.5       1.8299 
       7.60927      1.93362 
         7.612      1.93622 
         7.637      1.97608 
        7.6775      1.91567 
           7.7      1.88802 
       7.70513      1.88156 
         7.718      1.86527 
       7.74597      1.82385 
         7.766       1.7942 
       7.80219      1.80033 
         7.823      1.80391 
       7.84651      1.76038 
       7.86758      1.72137 
       7.87196      1.71326 
         7.872      1.71319 
         7.887      1.75142 
           7.9      1.78906 
       7.90048      1.79045 
         7.912      1.82397 
         7.945       1.9058 
             8      1.81378 
       8.01719      1.78537 
          8.05      1.74312 
         8.114      1.78396 
         8.125      1.77312 
         8.196       1.7031 
       8.23907       1.7389 
       8.29336      1.78411 
       8.37214      1.79903 
         8.375      1.79957 
         8.397      1.80412 
       8.42305      1.80415 
       8.48528      1.80401 
        8.4935      1.80402 
           8.5      1.80334 
       8.58108      1.79495 
          8.59      1.79403 
       8.61113      1.78792 
       8.66569      1.77222 
         8.694      1.76408 
       8.73885      1.74553 
       8.74643       1.7424 
          8.75      1.74093 
         8.768      1.73314 
           8.8      1.71021 
       8.80342      1.70962 
       8.86847      1.69814 
       8.90117      1.69238 
             9      1.67501 
       9.06349      1.67821 
           9.2      1.68508 
       9.24021      1.69188 
          9.25      1.69354 
           9.4      1.71999 
       9.42457      1.72045 
       9.48683      1.72177 
           9.5      1.72204 
          9.55      1.72377 
        9.6126      1.72438 
       9.66772      1.72493 
           9.8      1.72483 
       9.80439      1.72428 
       9.86916      1.71623 
       9.90171      1.71219 
            10      1.70001 
       10.1411      1.70279 
       10.2842      1.70561 
       10.4258      1.70841 
       10.4292      1.70848 
       10.4695      1.70933 
       10.4881      1.70972 
          10.5      1.70999 
       10.5764      1.71301 
       10.6481      1.71583 
       10.7256      1.71889 
        10.741       1.7195 
       10.7984      1.72178 
       10.8052      1.72205 
       10.8697      1.72468 
       10.8769      1.72497 
       10.9507      1.72799 
            11         1.73 
       11.1552      1.72844 
         11.25      1.72749 
       11.3126      1.72679 
       11.4268      1.72551 
       11.4722      1.72504 
       11.4891      1.72486 
        11.634      1.72346 
       11.7418      1.72242 
       11.7982      1.72191 
       11.8058      1.72184 
       11.8702      1.72129 
       11.9646       1.7205 
            12       1.7202 
       12.1334      1.71843 
       12.1693      1.71796 
          12.2      1.71755 
        12.341      1.71611 
       12.3721      1.71579 
       12.4277      1.71522 
         12.49      1.71461 
          12.5      1.71452 
       12.5151      1.71434 
          12.6      1.71335 
       12.6764      1.71251 
       12.6917      1.71235 
       12.7424      1.71179 
       12.8064      1.71126 
       12.8552      1.71086 
       12.8706      1.71074 
       12.8707      1.71074 
          12.9       1.7105 
            13      1.70989 
          13.1      1.71084 
       13.1834      1.71171 
       13.2848      1.71278 
          13.3      1.71294 
       13.3694       1.7135 
       13.4284      1.71398 
        13.475      1.71436 
       13.4876      1.71484 
       13.4907      1.71496 
          13.5      1.71531 
       13.5474       1.7156 
        13.558      1.71579 
          13.6      1.71654 
       13.6905      1.71682 
          13.7      1.71685 
        13.743      1.71717 
       13.7493      1.71724 
          13.8      1.71775 
       13.8068      1.71786 
          13.9      1.71941 
       13.9433      1.71966 
       13.9947      1.71997 
            14         1.72 
          14.1      1.72057 
       14.1975      1.72154 
          14.2      1.72157 
          14.3       1.7224 
       14.3978      1.72331 
          14.4      1.72333 
        14.429      1.72363 
       14.4914      1.72428 
          14.5      1.72437 
       14.6009      1.72507 
          14.7      1.72576 
       14.7046      1.72582 
       14.7435      1.72631 
       14.7479      1.72638 
       14.8069      1.72725 
       14.8072      1.72726 
          14.9      1.72864 
        14.912       1.7288 
            15         1.73 
       15.2116      1.72959 
       15.4262      1.72917 
       15.4296      1.72916 
          15.5      1.72903 
       15.6439      1.72921 
       15.7187       1.7293 
       15.7439      1.72933 
       15.8076      1.72951 
       15.8646      1.72966 
       15.9404      1.72987 
            16      1.73003 
       16.2257      1.73398 
         16.43      1.73756 
       16.4546      1.73799 
       16.4924      1.73866 
          16.5      1.73879 
       16.6868      1.74302 
       16.7443      1.74433 
          16.8      1.74565 
       16.8079      1.74582 
       16.9222      1.74829 
            17      1.74997 
        17.161      1.75146 
       17.2398      1.75218 
       17.4031      1.75369 
       17.4305      1.75394 
       17.4831      1.75443 
          17.5      1.75458 
       17.6486      1.75615 
       17.7446      1.75716 
       17.7469      1.75718 
       17.8081      1.75787 
       17.8976      1.75887 
       17.9973      1.75998 
            18      1.76001 
       18.2539      1.76776 
       18.4309      1.77315 
          18.5      1.77526 
       18.5115      1.77563 
        18.761      1.78348 
       18.7726      1.78385 
       18.8084      1.78497 
       18.9737      1.79018 
            19      1.79103 
         19.25      1.79332 
       19.2681      1.79347 
       19.4936      1.79538 
       19.5216      1.79561 
       19.5399      1.79577 
         19.75      1.79755 
        19.797      1.79801 
       19.8156      1.79819 
            20          1.8 
//
#-------------------------------------------------------------------------------
